#id R500 Mgas M500 Mgasring fgas Tspec Mhot YX YSZ_sph YSZ_cyl01 YSZ_cyl1 YSZ_cyl10
C 672.5 9.230246901740e+12 8.0510540606780e+13 6.95614763526e+13 0.674391 0.937799580752 8.41132094939e+12 7.88813325991e+12 1.70191803226e-06 4.26439394505e-07 1.71618755608e-06 2.03809351932e-06
1 375.15 1.347878204e+12 1.40507866339e+13 1.22027139447e+12 0.56428835796 0.253026522959 1.21601294017e+12 3.07683526124e+11 8.32356708997e-08 3.64818639829e-08 9.52976310789e-08 9.89406451574e-08
2 359.05 1.39046948338e+12 1.23183815339e+13 1.21746727648e+12 0.663985949181 0.40307302482 1.21315288887e+12 4.88989204486e+11 7.94428000621e-08 3.48477446343e-08 8.81976746255e-08 9.21414852251e-08
3 332.35 1.02382645878e+12 9.77203371382e+12 934941347144.0 0.616300430129 0.36484751914 935846833959.0 3.41441395665e+11 5.08399465878e-08 2.34488525226e-08 5.6512102901e-08 5.82560918505e-08
4 325.35 1.03019154736e+12 9.1683479608e+12 909803863614.0 0.660964254899 0.340144800934 907302055445.0 3.08614077036e+11 5.3827573962e-08 2.53765165374e-08 6.01629532767e-08 6.15581642579e-08
5 304.45 773818189962.0 7.50873114011e+12 694431107851.0 0.606210506238 0.172861610432 687893562384.0 1.18910389e+11 3.18087843155e-08 1.48187108183e-08 3.62672953949e-08 3.71384970358e-08
6 286.95 549130263765.0 6.28741177847e+12 454413496152.0 0.513753216102 0.231946836462 450481591775.0 1.04487780097e+11 1.93315096569e-08 9.98899200336e-09 2.29522306539e-08 2.33029268657e-08
7 282.95 549783837829.0 6.02884342254e+12 490779153248.0 0.536425040229 0.311617302157 488217273724.0 1.52136949704e+11 2.15561534512e-08 1.15841031739e-08 2.40124662762e-08 2.43014676609e-08
8 274.15 456490525901.0 5.48162189152e+12 405621731557.0 0.489862022736 0.289025701968 404415906261.0 1.16886591194e+11 1.71827550559e-08 9.77118027673e-09 1.9007144354e-08 1.93061156004e-08
9 263.75 513265951182.0 4.88140088177e+12 456241081395.0 0.618513322439 0.21503441828 447721673258.0 96275569560.4 1.57372833379e-08 8.43494797444e-09 1.75007809924e-08 1.77374452237e-08
10 251.45 407547124984.0 4.23015010169e+12 349472659427.0 0.566725995931 0.202836563 337707842787.0 68499498129.1 1.16971682918e-08 6.94581229376e-09 1.27319890851e-08 1.29620664649e-08
11 235.25 342099054164.0 3.46515035306e+12 305719961675.0 0.58073883451 0.189370666112 289844052107.0 54887961216.1 1.00995039885e-08 5.95346270021e-09 1.15030179964e-08 1.15737231648e-08
12 210.15 231198008958.0 2.46973961257e+12 204091516004.0 0.550660596393 0.146034673808 130107231553.0 19000167119.9 3.80888959461e-09 2.23254944375e-09 4.51897944878e-09 4.69469813077e-09
13 230.05 297863721167.0 3.23931614485e+12 243525127276.0 0.540897972883 0.186953348188 234288246643.0 43800972151.0 6.9626343678e-09 4.36043451737e-09 7.61622843983e-09 7.68570009707e-09
14 222.85 272064794001.0 2.9443404927e+12 234606069019.0 0.543544860098 0.180039587581 144092814287.0 25942410857.6 5.50998734688e-09 3.72691908068e-09 6.13912244264e-09 6.21117081787e-09
15 206.15 212341963112.0 2.3316088228e+12 180150507663.0 0.5357118051 0.157722366777 140315011643.0 22130815730.7 4.09937439972e-09 2.6305926594e-09 4.93396754148e-09 5.12415323083e-09
16 204.45 206568576301.0 2.27495775558e+12 172339998752.0 0.534123884004 0.172873677998 141268136343.0 24421542313.5 4.20455089295e-09 2.72146275056e-09 4.8539205146e-09 4.87642449151e-09
17 218.75 238447144695.0 2.78521999183e+12 228521146367.0 0.503597657287 0.180419537023 225939681159.0 40763932669.8 6.06677512611e-09 3.20243066719e-09 7.20370692825e-09 7.37851543278e-09
18 208.35 251273866674.0 2.40609870619e+12 220259060971.0 0.614306289624 0.159131862389 159071920918.0 25313411029.5 5.11568036859e-09 3.50678967153e-09 5.81548109971e-09 5.83581449661e-09
19 194.25 178167995675.0 1.95108840949e+12 160024081736.0 0.537160196476 0.146308472645 111448124868.0 16305804928.6 3.23224849865e-09 2.15355718024e-09 3.6352333349e-09 3.65015431939e-09
20 191.15 164684933014.0 1.85882159394e+12 123269921819.0 0.521155393956 0.131628629419 62910676260.5 8280846091.99 2.33403228968e-09 1.58236234233e-09 2.63435009202e-09 2.85824415279e-09
21 184.95 161265911038.0 1.68292875516e+12 150879453749.0 0.563673894809 0.138483246588 51958582009.8 7195393124.83 2.17465505314e-09 1.41781341781e-09 2.78904635397e-09 2.86480935377e-09
22 192.55 137706477122.0 1.89971218753e+12 118096846490.0 0.426400433725 0.128658730774 79309768941.6 10203894210.0 2.1846029697e-09 1.39397814729e-09 2.65982304382e-09 2.6981481582e-09
23 186.85 173158645126.0 1.73599129784e+12 156817991572.0 0.586742725446 0.126366424818 75882992814.7 9589062506.48 2.74626722592e-09 1.76964709614e-09 3.2137888687e-09 3.52263411663e-09
24 179.35 122581721649.0 1.5350514782e+12 107470119581.0 0.469736006325 0.126206430212 46278824353.5 5840685216.06 1.88700830045e-09 1.2364822179e-09 2.28683429377e-09 2.5985136198e-09
26 164.15 108180821395.0 1.17635792327e+12 97444269893.2 0.540955911736 0.11792404931 13681528132.1 1613381198.09 1.29251993108e-09 9.64404600372e-10 1.48014012512e-09 1.49834277098e-09
27 158.95 106167613033.0 1.06784597714e+12 93702923229.2 0.584836562715 0.122327515 16245795060.3 1987307738.93 1.19125369464e-09 8.0063296103e-10 1.78885919044e-09 1.83944259385e-09
28 176.35 144514588738.0 1.45878439875e+12 119240696471.0 0.582735746857 0.130404268946 45614930109.6 5948381613.97 1.9313929658e-09 1.34348221404e-09 2.20432206906e-09 2.23175837739e-09
29 173.65 152380565842.0 1.39358454526e+12 134111871442.0 0.643201930378 0.123882148096 29514366898.4 3656303171.07 1.61796215496e-09 1.00136928251e-09 1.98884809325e-09 2.00331302037e-09
30 161.65 122016450548.0 1.1246543627e+12 109455532734.0 0.638190585979 0.144868427476 17288456723.0 2504551538.95 1.25894911193e-09 9.27434233717e-10 1.45111584951e-09 1.45543024346e-09
31 144.25 74568724886.7 798288562300.0 72303477191.9 0.549474937851 0.156082366019 14460063545.1 2256960930.9 7.53042348693e-10 4.70230396456e-10 1.14389588084e-09 1.16453058822e-09
