rbins dm star gas
2.5 127668856062.0 370665407910.0 533122828.665
7.5 315058493245.0 576375912394.0 3210616468.57
12.5 524980621204.0 685924994740.0 9056374244.52
17.5 762379957453.0 756220066594.0 18709326989.2
22.5 1.02978531659e+12 816973457229.0 32792922126.5
27.5 1.33030295638e+12 865362774991.0 51556278245.6
32.5 1.65589987377e+12 904656900126.0 74924523678.8
37.5 1.99990885746e+12 929544227004.0 103219498007.0
42.5 2.37498143092e+12 949028492894.0 136325791456.0
47.5 2.78806150426e+12 967027893250.0 174247881929.0
52.5 3.23715667679e+12 983954057970.0 216739896468.0
57.5 3.71944041774e+12 999624839373.0 263805258027.0
62.5 4.22940717974e+12 1.01469279194e+12 314947719316.0
67.5 4.76414635729e+12 1.02919372833e+12 369332645306.0
72.5 5.32099250327e+12 1.04342404799e+12 426431153902.0
77.5 5.89567361014e+12 1.05733640059e+12 486597974249.0
82.5 6.48650752349e+12 1.07067158797e+12 549778812439.0
87.5 7.09261334186e+12 1.08388030138e+12 615979084757.0
92.5 7.7107874893e+12 1.09726583394e+12 685562745622.0
97.5 8.34544135238e+12 1.11484111494e+12 757631546376.0
102.5 8.985788709e+12 1.13115520042e+12 832120344787.0
107.5 9.62940992773e+12 1.15532515428e+12 908898575305.0
112.5 1.02727159666e+13 1.17157544098e+12 988010503537.0
117.5 1.09161660755e+13 1.18488789231e+12 1.06937991177e+12
122.5 1.15622097478e+13 1.19886008407e+12 1.15260605061e+12
127.5 1.22197053059e+13 1.23893761208e+12 1.23745418369e+12
132.5 1.28928481124e+13 1.32420369247e+12 1.32401626674e+12
137.5 1.3550785814e+13 1.3528823161e+12 1.41181161239e+12
142.5 1.4201927104e+13 1.37526803734e+12 1.50051586844e+12
147.5 1.48663773953e+13 1.41694740092e+12 1.59022287799e+12
152.5 1.55457327159e+13 1.49931691619e+12 1.6813338423e+12
157.5 1.62558315339e+13 1.69774306786e+12 1.77329554777e+12
162.5 1.69342774501e+13 1.78766313094e+12 1.86480747394e+12
167.5 1.75868197982e+13 1.82628848511e+12 1.95524337443e+12
172.5 1.82238963013e+13 1.84878571839e+12 2.04486520478e+12
177.5 1.88485952516e+13 1.86817268145e+12 2.13437161493e+12
182.5 1.94700082308e+13 1.8954494047e+12 2.22351750719e+12
187.5 2.0085153419e+13 1.913111605e+12 2.31140229972e+12
192.5 2.0693061763e+13 1.92604519276e+12 2.39725461276e+12
197.5 2.1309274033e+13 1.94327907976e+12 2.48058611098e+12
202.5 2.19314733877e+13 1.96580402615e+12 2.56194701861e+12
207.5 2.25606739026e+13 1.98478747978e+12 2.64119374458e+12
212.5 2.32177944447e+13 2.01596199109e+12 2.71793959711e+12
217.5 2.39305590854e+13 2.12777308655e+12 2.79485912033e+12
222.5 2.46424499609e+13 2.25747507142e+12 2.87088086439e+12
227.5 2.52963703687e+13 2.29022013777e+12 2.94532847907e+12
232.5 2.59360544507e+13 2.32548892855e+12 3.01893478005e+12
237.5 2.65481271203e+13 2.33873105224e+12 3.09190831016e+12
242.5 2.71499105669e+13 2.35856787371e+12 3.16444768097e+12
247.5 2.77343802825e+13 2.3676828312e+12 3.23657019111e+12
252.5 2.83035425881e+13 2.37564207306e+12 3.30853089654e+12
257.5 2.88686264649e+13 2.38408010258e+12 3.38013485304e+12
262.5 2.94360981733e+13 2.39694789825e+12 3.45186314598e+12
267.5 2.99889168782e+13 2.40499393887e+12 3.52302805959e+12
272.5 3.05263499042e+13 2.41073274692e+12 3.59404879643e+12
277.5 3.1057075364e+13 2.41596171129e+12 3.66513300374e+12
282.5 3.15824459635e+13 2.42071622883e+12 3.73628499464e+12
287.5 3.21029903871e+13 2.42930128233e+12 3.8075207978e+12
292.5 3.26351259282e+13 2.454434402e+12 3.87883152706e+12
297.5 3.31585292917e+13 2.46225871446e+12 3.95029774125e+12
302.5 3.36689156124e+13 2.46628276239e+12 4.02195198527e+12
307.5 3.41726458108e+13 2.47036416589e+12 4.09363150324e+12
312.5 3.4665751395e+13 2.47396330629e+12 4.16561265174e+12
317.5 3.51512907442e+13 2.47700418886e+12 4.23783262946e+12
322.5 3.56305610241e+13 2.47985252672e+12 4.31022987384e+12
327.5 3.61123521726e+13 2.48289542071e+12 4.38290576668e+12
332.5 3.65916090696e+13 2.48617450739e+12 4.45582898766e+12
337.5 3.70639505152e+13 2.48908657023e+12 4.52902723763e+12
342.5 3.75366479247e+13 2.49282395151e+12 4.60246572888e+12
347.5 3.80060020154e+13 2.49661976676e+12 4.67589832231e+12
352.5 3.84725482217e+13 2.499371288e+12 4.74939975082e+12
357.5 3.89387482243e+13 2.50199993187e+12 4.82290400158e+12
362.5 3.94082986428e+13 2.50425061659e+12 4.89671038879e+12
367.5 3.98803209062e+13 2.50671783917e+12 4.97074284386e+12
372.5 4.03547515986e+13 2.50973464333e+12 5.04491487267e+12
377.5 4.0832284545e+13 2.51321857935e+12 5.11924261865e+12
382.5 4.13252576138e+13 2.53170099739e+12 5.19405993288e+12
387.5 4.18268103317e+13 2.55709770155e+12 5.26894726652e+12
392.5 4.23231815932e+13 2.57941156249e+12 5.34324655008e+12
397.5 4.28075876329e+13 2.58815168171e+12 5.41772946986e+12
402.5 4.32817869528e+13 2.59264308886e+12 5.49217010824e+12
407.5 4.37535243914e+13 2.59838600483e+12 5.56667425594e+12
412.5 4.42188237846e+13 2.60095636935e+12 5.6410913022e+12
417.5 4.46866408642e+13 2.60548987088e+12 5.71555576958e+12
422.5 4.51502317947e+13 2.60842491587e+12 5.79003666064e+12
427.5 4.56126050475e+13 2.61103560993e+12 5.86451482876e+12
432.5 4.60794673806e+13 2.61894684009e+12 5.93913445228e+12
437.5 4.65474730441e+13 2.62416389478e+12 6.01368882886e+12
442.5 4.70068687843e+13 2.62704330913e+12 6.08830348768e+12
447.5 4.74713160986e+13 2.63373128793e+12 6.16270909967e+12
452.5 4.79304282751e+13 2.63736792851e+12 6.23705214389e+12
457.5 4.83961137536e+13 2.64407623047e+12 6.31128618862e+12
462.5 4.88620331176e+13 2.64988022089e+12 6.38555165372e+12
467.5 4.93320731122e+13 2.66272303229e+12 6.46143202412e+12
472.5 4.98006045413e+13 2.67692601702e+12 6.53719216722e+12
477.5 5.02435386541e+13 2.67929925837e+12 6.61033667717e+12
482.5 5.06789080852e+13 2.6809422186e+12 6.68290192707e+12
487.5 5.11138099475e+13 2.68253744222e+12 6.75507054707e+12
492.5 5.15437416265e+13 2.68419039389e+12 6.82695653341e+12
497.5 5.19706434045e+13 2.68591467125e+12 6.89845720648e+12
502.5 5.2397789955e+13 2.68813331708e+12 6.96952925315e+12
507.5 5.28234398376e+13 2.68967335143e+12 7.04036114896e+12
512.5 5.32512699758e+13 2.69175966904e+12 7.1107702793e+12
517.5 5.36822827325e+13 2.70128458623e+12 7.18088184647e+12
522.5 5.41075391666e+13 2.70331640996e+12 7.25059119691e+12
527.5 5.45296436031e+13 2.70468336749e+12 7.31995894089e+12
532.5 5.49504687692e+13 2.70607942559e+12 7.38903296142e+12
537.5 5.53762554826e+13 2.70787981405e+12 7.45778136238e+12
542.5 5.5818604784e+13 2.71751685757e+12 7.52612985066e+12
547.5 5.6263952798e+13 2.72591216575e+12 7.59416342325e+12
552.5 5.67082116786e+13 2.7287006743e+12 7.66188707521e+12
557.5 5.71660439822e+13 2.73646478673e+12 7.72916648098e+12
562.5 5.76485336287e+13 2.76135032616e+12 7.7962174014e+12
567.5 5.81380818903e+13 2.7815626233e+12 7.86296361551e+12
572.5 5.8617920494e+13 2.78537399378e+12 7.9296225004e+12
577.5 5.91159199129e+13 2.79835977419e+12 7.99732570175e+12
582.5 5.95963279017e+13 2.80176695922e+12 8.06355885831e+12
587.5 6.00678538548e+13 2.80436030683e+12 8.12942779238e+12
592.5 6.05369089971e+13 2.80844808834e+12 8.19500398396e+12
597.5 6.10031269043e+13 2.81276680947e+12 8.26040430652e+12
602.5 6.14730718161e+13 2.82639734591e+12 8.32562840495e+12
607.5 6.19352596802e+13 2.82910841883e+12 8.39085762406e+12
612.5 6.2394940947e+13 2.83137947372e+12 8.45614383418e+12
617.5 6.28673845257e+13 2.83523565612e+12 8.5215337665e+12
622.5 6.33606349024e+13 2.84299523505e+12 8.58733963258e+12
627.5 6.3873825371e+13 2.85803862319e+12 8.65420356141e+12
632.5 6.44098896541e+13 2.94578850541e+12 8.72134196235e+12
637.5 6.49129969055e+13 2.95563192671e+12 8.78693878294e+12
642.5 6.54031584893e+13 2.96022241813e+12 8.85154853232e+12
647.5 6.58971020859e+13 2.9681473436e+12 8.91538248974e+12
652.5 6.63920710348e+13 2.98650857068e+12 8.97856845518e+12
657.5 6.68703001396e+13 2.98947365089e+12 9.04168578632e+12
662.5 6.73485564172e+13 2.99814858724e+12 9.10555843814e+12
667.5 6.78149552698e+13 3.0015973682e+12 9.16842591437e+12
672.5 6.82760348128e+13 3.00425889224e+12 9.23024690174e+12
677.5 6.87521245022e+13 3.01771520158e+12 9.29129028738e+12
682.5 6.92260545673e+13 3.02472238865e+12 9.35197892114e+12
687.5 6.97097882022e+13 3.04530424753e+12 9.41295496211e+12
692.5 7.01852266698e+13 3.05068924887e+12 9.47418984521e+12
697.5 7.06741562736e+13 3.06607410399e+12 9.53703045002e+12
702.5 7.11632505253e+13 3.07249549543e+12 9.59851139113e+12
707.5 7.16420097764e+13 3.07559645799e+12 9.65822597184e+12
712.5 7.21341334907e+13 3.09466596839e+12 9.71757526595e+12
717.5 7.26287221732e+13 3.10246890218e+12 9.77694031243e+12
722.5 7.31433470517e+13 3.14269293598e+12 9.83663020983e+12
727.5 7.36817782141e+13 3.21847953704e+12 9.89657036426e+12
732.5 7.41884143427e+13 3.23583413251e+12 9.95631746196e+12
737.5 7.46773022182e+13 3.24088416535e+12 1.00157876463e+13
742.5 7.51582912583e+13 3.24447975427e+12 1.0075130371e+13
747.5 7.56525416205e+13 3.26167884623e+12 1.01351818146e+13
752.5 7.61565515355e+13 3.29096232282e+12 1.01970114912e+13
757.5 7.667143753e+13 3.34311390364e+12 1.02598987058e+13
762.5 7.71614213323e+13 3.36007219075e+12 1.03211715163e+13
767.5 7.76194797213e+13 3.3638470176e+12 1.03803897325e+13
772.5 7.80576486747e+13 3.36586160466e+12 1.04384775929e+13
777.5 7.84906998849e+13 3.3676097487e+12 1.04957550157e+13
782.5 7.89114428451e+13 3.369055241e+12 1.0552373838e+13
787.5 7.93259124363e+13 3.37122685616e+12 1.06084486744e+13
792.5 7.97445511652e+13 3.37671251722e+12 1.06641770569e+13
797.5 8.01528643197e+13 3.37797497365e+12 1.07194865823e+13
802.5 8.05591211282e+13 3.3792260195e+12 1.07745285107e+13
807.5 8.09685166594e+13 3.38094142478e+12 1.08293702508e+13
812.5 8.13864777018e+13 3.38595787594e+12 1.08842559248e+13
817.5 8.17943542945e+13 3.38732138748e+12 1.09387396219e+13
822.5 8.22013957517e+13 3.38880310261e+12 1.099291822e+13
827.5 8.26163359464e+13 3.39241639822e+12 1.10469131778e+13
832.5 8.30457712496e+13 3.40340215786e+12 1.11007853646e+13
837.5 8.34683091427e+13 3.40963162086e+12 1.11548450619e+13
842.5 8.38849294092e+13 3.42037521777e+12 1.12086912493e+13
847.5 8.42862062442e+13 3.42506088746e+12 1.12623044071e+13
852.5 8.46826593942e+13 3.43184889218e+12 1.13155953511e+13
857.5 8.50629770605e+13 3.43279033108e+12 1.13687357876e+13
862.5 8.54416257389e+13 3.43355765566e+12 1.14217654574e+13
867.5 8.58205558488e+13 3.43427450465e+12 1.14747057824e+13
872.5 8.62016092159e+13 3.43501678688e+12 1.15275985321e+13
877.5 8.65795725721e+13 3.43586268722e+12 1.15804554873e+13
882.5 8.69585806299e+13 3.43710551921e+12 1.16332269972e+13
887.5 8.73384506114e+13 3.43893165338e+12 1.16860331094e+13
892.5 8.77190431716e+13 3.43996317988e+12 1.17388953604e+13
897.5 8.80955685498e+13 3.44083295934e+12 1.17917676745e+13
902.5 8.84727914125e+13 3.44164501311e+12 1.18445598841e+13
907.5 8.88557826154e+13 3.44247088668e+12 1.18974902131e+13
912.5 8.92505146188e+13 3.44420014374e+12 1.19504124796e+13
917.5 8.96484688994e+13 3.44632997788e+12 1.20034511212e+13
922.5 9.00559928603e+13 3.45102753577e+12 1.20566977504e+13
927.5 9.04678136764e+13 3.46066730454e+12 1.21106739309e+13
932.5 9.08640898753e+13 3.46303444686e+12 1.21636341554e+13
937.5 9.1262155337e+13 3.46739333669e+12 1.22164398139e+13
942.5 9.16653544039e+13 3.47290819819e+12 1.22692599741e+13
947.5 9.20745985543e+13 3.50511581669e+12 1.23220796123e+13
952.5 9.24724511139e+13 3.50744789802e+12 1.23749797815e+13
957.5 9.28645466246e+13 3.50905187693e+12 1.24283336809e+13
962.5 9.32540509101e+13 3.51101718663e+12 1.24820579034e+13
967.5 9.36431404271e+13 3.51238398961e+12 1.25358607868e+13
972.5 9.40352524963e+13 3.51453587191e+12 1.25894150809e+13
977.5 9.44402351308e+13 3.53789519108e+12 1.26429179115e+13
982.5 9.48231959227e+13 3.53915039405e+12 1.26959900431e+13
987.5 9.52043497561e+13 3.54650540448e+12 1.27490300301e+13
992.5 9.55758091939e+13 3.54788777054e+12 1.28019543602e+13
997.5 9.59448139491e+13 3.54855934662e+12 1.28548592662e+13
