rbins	hotdensity
2.5	0.0360615104571
7.5	0.0258024862639
12.5	0.0207940735613
17.5	0.0175887339396
22.5	0.0155494115895
27.5	0.0139394832557
32.5	0.0124146344891
37.5	0.0112959811119
42.5	0.0102932314029
47.5	0.00945329786604
52.5	0.00867417720695
57.5	0.0080099081474
62.5	0.00736964929626
67.5	0.00671881000052
72.5	0.00611463134276
77.5	0.0056423275337
82.5	0.00522561231454
87.5	0.0048673383034
92.5	0.00457887047805
97.5	0.00426991084808
102.5	0.00399087145138
107.5	0.00374028615736
112.5	0.0035201708354
117.5	0.00331965441586
122.5	0.00312466269058
127.5	0.00293980007792
132.5	0.0027761712398
137.5	0.00261399482038
142.5	0.00246085289229
147.5	0.00232311367949
152.5	0.00220722433818
157.5	0.00208847031456
162.5	0.00195216638885
167.5	0.00181576704569
172.5	0.00169646480903
177.5	0.00160083310127
182.5	0.00150775599466
187.5	0.00140816051762
192.5	0.00130521094364
197.5	0.00120338661993
202.5	0.00111780461679
207.5	0.00103728385892
212.5	0.00095774515997
217.5	0.00090767821691
222.5	0.000864638766101
227.5	0.00081051273521
232.5	0.000767348480938
237.5	0.000729050753468
242.5	0.000694348317779
247.5	0.000663509836533
252.5	0.000635975336163
257.5	0.000608394396476
262.5	0.000583822196162
267.5	0.000560082288404
272.5	0.000538968215721
277.5	0.000520141990372
282.5	0.000502370915349
287.5	0.000485627553449
292.5	0.000469545673758
297.5	0.000454726375147
302.5	0.000441245968376
307.5	0.000427202929734
312.5	0.000415367346526
317.5	0.00040373087587
322.5	0.000392267006669
327.5	0.000381875535927
332.5	0.000371593152684
337.5	0.00036212160898
342.5	0.000352774868765
347.5	0.000342728657821
352.5	0.000333389473446
357.5	0.000324017174454
362.5	0.000316505924914
367.5	0.000308824817534
372.5	0.000301126369215
377.5	0.000293718238472
382.5	0.000286322720079
387.5	0.000279423571347
392.5	0.000271791594526
397.5	0.000265673959711
402.5	0.000258988829643
407.5	0.000252861056996
412.5	0.000246462884754
417.5	0.000240517900575
422.5	0.000235083686401
427.5	0.000229648267004
432.5	0.000224583102063
437.5	0.000219431952806
442.5	0.000214615068142
447.5	0.000209282108822
452.5	0.000204529144123
457.5	0.00019978565361
462.5	0.000195369834191
467.5	0.000190994423232
472.5	0.000185661721051
477.5	0.000180648039868
482.5	0.000175642167542
487.5	0.000171096553769
492.5	0.000166976815434
497.5	0.000162825363491
502.5	0.000158619077896
507.5	0.000154966460001
512.5	0.000151062968531
517.5	0.000147570984891
522.5	0.000143913326409
527.5	0.000140509840959
532.5	0.00013728799123
537.5	0.000134105164067
542.5	0.000130850557898
547.5	0.000127919184394
552.5	0.000125039035891
557.5	0.000121992042153
562.5	0.000119397517823
567.5	0.000116796509062
572.5	0.000114386362811
577.5	0.000111996653827
582.5	0.000109572837055
587.5	0.000107394030771
592.5	0.00010518400762
597.5	0.000103221937987
602.5	0.000101234650198
607.5	9.95798230429e-05
612.5	9.80487823521e-05
617.5	9.66234732546e-05
622.5	9.54614319536e-05
627.5	9.46780131121e-05
632.5	9.39569779976e-05
637.5	9.07360273237e-05
642.5	8.80598836457e-05
647.5	8.56606556728e-05
652.5	8.3450420915e-05
657.5	8.15046200538e-05
662.5	7.95999998774e-05
667.5	7.79712615498e-05
672.5	7.62125401256e-05
677.5	7.45247148058e-05
682.5	7.26764089911e-05
687.5	7.14076293514e-05
692.5	7.00828436204e-05
697.5	6.91714521865e-05
702.5	6.77500374898e-05
707.5	6.64790940339e-05
712.5	6.55354364932e-05
717.5	6.48188963669e-05
722.5	6.4226280006e-05
727.5	6.35998124037e-05
732.5	6.24981823917e-05
737.5	6.13729567417e-05
742.5	6.03364703816e-05
747.5	5.95067641926e-05
752.5	5.86646147494e-05
757.5	5.78074510359e-05
762.5	5.66187052786e-05
767.5	5.52582483097e-05
772.5	5.3933117763e-05
777.5	5.28735181534e-05
782.5	5.1785519215e-05
787.5	5.0732721151e-05
792.5	4.98317067141e-05
797.5	4.8850637748e-05
802.5	4.8009007452e-05
807.5	4.72209363434e-05
812.5	4.64499143537e-05
817.5	4.5810800381e-05
822.5	4.50295901097e-05
827.5	4.43618403478e-05
832.5	4.36317351125e-05
837.5	4.29404080554e-05
842.5	4.22835702411e-05
847.5	4.17920650609e-05
852.5	4.11546208167e-05
857.5	4.05908020798e-05
862.5	4.00773935739e-05
867.5	3.95755837186e-05
872.5	3.90741949639e-05
877.5	3.8605390367e-05
882.5	3.8138488605e-05
887.5	3.7737879149e-05
892.5	3.73519142334e-05
897.5	3.69554660819e-05
902.5	3.6488644516e-05
907.5	3.61621192994e-05
912.5	3.5750760714e-05
917.5	3.54238243233e-05
922.5	3.50465974365e-05
927.5	3.46776724429e-05
932.5	3.42585341009e-05
937.5	3.38284417209e-05
942.5	3.34713214729e-05
947.5	3.31087566108e-05
952.5	3.27741005544e-05
957.5	3.24010332952e-05
962.5	3.21120353925e-05
967.5	3.1758181905e-05
972.5	3.14267089143e-05
977.5	3.11224718171e-05
982.5	3.07499231604e-05
987.5	3.04814381533e-05
992.5	3.015323992e-05
997.5	2.98557578114e-05
