redshift	R500	fgas	Mgas	Mgas+Mstar	Mtot
0.0	332.35	0.818477100703	364226545959.0	386719980561.0	2.61767750379e+12
0.030527243818	326.95	0.820347701195	356425296306.0	367594546308.0	2.55576920248e+12
0.0387452919598	325.65	0.824868608964	360994357192.0	372120323147.0	2.57434480558e+12
0.0499401958034	324.15	0.850910594948	373326344146.0	384513073194.0	2.58080852623e+12
0.062466519551	322.75	0.876409400585	394649787408.0	406051059122.0	2.64884121068e+12
0.0790027629744	321.45	0.90234613741	430608409791.0	444369368990.0	2.80711640558e+12
0.0959384340781	320.75	0.87080039506	455502642151.0	479171866675.0	3.07697070646e+12
0.0999673830304	320.75	0.838317867178	466350953816.0	533251497852.0	3.2723159224e+12
0.120880086583	325.85	0.725438293978	443890742373.0	511026814476.0	3.59937162903e+12
0.124914454062	326.55	0.723793577446	446235301596.0	512921107878.0	3.62660518219e+12
0.131079623074	327.05	0.73052149744	449777751468.0	516230610642.0	3.62172980329e+12
0.164350413628	327.75	0.827947794607	463787886707.0	472590402372.0	3.29509186113e+12
0.168045539789	327.55	0.836774278493	466701044542.0	475339501700.0	3.28081339565e+12
0.207013848038	318.15	0.787230792121	387078059407.0	401212821385.0	2.89232812538e+12
0.209520353714	317.85	0.778891642958	384407985353.0	399184530415.0	2.90312967625e+12
0.248188579192	312.05	0.760608898226	361141508420.0	369123183391.0	2.79297523233e+12
0.249844877242	311.85	0.760630443508	361528031439.0	369548189856.0	2.79588530436e+12
0.256507586307	310.65	0.765008560865	366046184242.0	375282207376.0	2.81462582072e+12
0.29180526368	291.55	0.921703043258	372241260041.0	383285568892.0	2.37566153963e+12
0.305084579473	283.95	0.838793959829	420296937077.0	522653070798.0	2.94748775311e+12
0.338137317039	275.95	0.848062340748	405683321083.0	441631889000.0	2.81391162217e+12
0.3557019492	276.45	0.801866457319	381067615604.0	416317119032.0	2.79544578648e+12
0.387504057392	271.85	0.803107083414	344107202307.0	363953334008.0	2.52041110753e+12
0.408305211059	269.55	0.818811081543	349670428197.0	363953006392.0	2.51203839092e+12
0.440280867564	264.75	0.891579789446	416709392638.0	436190098486.0	2.74931279334e+12
0.463014302939	258.75	0.891100225729	448926108611.0	488089351937.0	2.96346217755e+12
0.496912209981	254.65	0.953330673566	460645000265.0	516885032146.0	2.84232590777e+12
0.499900107866	254.65	0.957201478291	460788698371.0	516323198773.0	2.83171496973e+12
0.519719878555	253.35	0.934641978915	406289577411.0	449535772779.0	2.55706328687e+12
0.557928485477	234.95	0.835305977328	242033237090.0	276507184352.0	1.7044352162e+12
0.578755055311	220.45	0.739019076751	281063339999.0	351879639188.0	2.23717332436e+12
0.62396814497	226.75	0.719813950245	246124027986.0	257127173875.0	2.01133695648e+12
0.639979037366	227.45	0.791898367182	250081774423.0	260132685780.0	1.85764906493e+12
0.695807091467	223.65	0.698691073158	217501432927.0	247331421866.0	1.83116722517e+12
0.703463160323	222.05	0.694382462145	218413572032.0	253249824903.0	1.85025657742e+12
0.749984158384	212.15	0.879863987428	217707634121.0	231855002933.0	1.45548989411e+12
0.769587321565	209.25	0.899152315206	214558313108.0	220607989326.0	1.40366398754e+12
0.774398375006	208.55	0.895721567783	214735549524.0	220962465591.0	1.41020417142e+12
0.83812875329	197.85	0.835805318128	219227781605.0	242976539526.0	1.54291335307e+12
0.860926698985	195.55	0.857911095081	210341644939.0	215488673602.0	1.44222845567e+12
0.909493582555	190.75	0.806886984951	209142103813.0	225259856956.0	1.52468399222e+12
0.956884698429	186.25	0.815973909897	210765698765.0	227249317255.0	1.51940915389e+12
0.983781630555	183.65	0.789548749632	209850339575.0	229915712872.0	1.5634421089e+12
0.999810014676	182.25	0.782744624323	207681043211.0	227833828687.0	1.5607302272e+12
1.06063440863	177.85	0.793333745624	196790471523.0	206826093339.0	1.45914757231e+12
1.06418199809	177.65	0.792804077046	196142659675.0	206208119174.0	1.45531586484e+12
1.14047912499	171.95	0.82896850482	197505405375.0	201123760946.0	1.40149655319e+12
1.18530498469	168.35	0.867096126335	214336776031.0	219533142164.0	1.45405397002e+12
1.22333660393	165.25	0.852456070608	226801870286.0	243058958759.0	1.56504093846e+12
1.30975825235	164.45	0.785978774449	254245464299.0	285633763469.0	1.90280145383e+12
1.32355752197	162.75	0.77848643162	252644001030.0	284169633735.0	1.90901359634e+12
1.39920516296	153.75	0.91550270319	215237712720.0	219554244683.0	1.38296062705e+12
1.48343559679	143.75	0.803656716196	184495777041.0	190991719642.0	1.35041399498e+12
1.49223617411	142.95	0.800425464122	175714289228.0	180211441596.0	1.2913300643e+12
1.4997393169	142.35	0.801357272923	171832820704.0	175222622278.0	1.26133665022e+12
1.58883935177	123.55	0.763749530612	202108983908.0	222487049207.0	1.55663123613e+12
1.67123312994	121.55	0.740537579243	194827942109.0	208871616103.0	1.54758752345e+12
1.68975444525	120.65	0.749788564728	182040809140.0	186795095768.0	1.4281736738e+12
1.79328674613	117.05	0.81229489931	170452011253.0	176376901000.0	1.23435330023e+12
1.89606731641	106.65	0.78600107745	137557536784.0	140167278132.0	1.02946675812e+12
1.90188007172	106.15	0.787052187108	136093577951.0	138738227724.0	1.01715041474e+12
1.99986624221	103.25	0.73658145651	101507191961.0	103292125849.0	810638285701.0
2.01466622751	95.75	0.7405912747	114020003776.0	120757470723.0	905635709569.0
2.13150488126	78.15	0.673694918765	78065161801.9	80132313492.8	681624309963.0
2.17171304231	75.45	0.642206379706	68589575813.2	74703217418.8	628253013000.0
2.25342749143	71.65	0.569832616249	58760764421.7	65077422507.1	606584364540.0
2.37902901317	77.25	0.71232389506	48293562022.4	50047116410.2	398807029461.0
2.49865640548	67.85	0.535059626409	33988679776.7	36415242522.8	373665663756.0
2.50934814759	67.55	0.552641885942	35051559101.1	37539203728.0	373090869541.0
2.52011950504	68.35	0.520724956057	50293500722.6	56327322631.5	568138934876.0
2.64582870338	64.25	0.586794234013	36885087751.5	39289441200.7	369756708304.0
2.78673944284	61.05	0.776590267835	38469877523.5	39027329058.0	291393552778.0
2.93360811078	59.05	0.547651328948	30619705732.9	31609807794.6	328887937554.0
2.97877622744	57.75	0.540178467533	29871997892.0	31363021386.1	325295518463.0
2.99973053266	57.25	0.542790771825	30085484023.6	32025955342.5	326043559727.0
3.08632998429	55.95	0.633921296586	37687769970.8	39866945230.3	349716543249.0
3.24467528047	52.45	0.561684072771	24103511130.8	24653721262.1	252429019206.0
3.41093862617	46.35	0.529495121491	25796831021.2	31340362100.6	286586332285.0
3.49886876053	43.45	0.476617695063	17293236197.9	17653863202.9	213430847962.0
3.58238850433	41.15	0.542546779213	19248701993.4	19895345515.8	208696582715.0
3.61808126074	40.65	0.57889860342	19464807944.8	20086768289.0	197787435635.0
3.75829015178	39.45	0.642161678873	20597872158.6	21051860370.0	188681383304.0
3.94474158519	36.55	0.643682844828	19682211129.8	20528108725.6	179867637391.0
3.99879089001	35.35	0.608569000884	16939230221.2	17595804539.1	163732511134.0
4.13469718283	32.65	0.590477981552	12936871610.9	13273834742.6	128877362319.0
4.33520581342	31.45	0.541315087538	8701504029.53	8885142595.7	94557345618.4
4.54211704783	25.95	0.566102865258	9307450831.23	9591621168.1	96713361001.9
4.5897773527	25.55	0.531541050646	9085336816.75	9389127875.59	100543801237.0
4.75456433593	25.15	0.55717792097	7631468695.91	7877370736.36	80568505390.0
4.97704555398	24.35	0.399813468802	6059565364.47	6280352048.89	89152829820.2
4.99990783129	24.35	0.389979320124	5977954331.84	6194862034.96	90170005001.5
5.20965913587	23.55	0.598673373102	6020050849.81	6121240389.1	59150891643.8
5.45236541759	21.75	0.841047175458	5694980712.46	5743481664.72	39831162295.6
5.69738608066	17.45	0.535345110482	5435707127.14	5628268343.15	59727355645.2
5.95863860385	16.05	0.613359767381	4456986987.51	4603577188.97	42744196651.0
5.99205169398	15.65	0.473264696229	3096215550.63	3166659349.88	38483818454.9
6.22852080638	14.85	0.46088150792	2405550511.24	2460277034.68	30702679282.6
6.30248473012	14.55	0.501330822596	2431677371.8	2476984224.56	28532026947.6
6.50596008685	13.85	0.522323359648	2430978990.0	2476601505.99	27377439947.2
6.80049492001	12.75	0.604959289153	2403938460.27	2437405102.77	23374819968.4
6.99393306719	11.85	0.695534334637	2458017536.46	2516944158.17	20788228510.2
7.10129015059	11.25	0.664422667251	2135882854.02	2213384578.76	18909675132.5
7.99962985372	7.35	0.768926630441	1018336047.41	1031275859.3	7790355810.91
9.17481517078	6.55	0.599380661889	592050932.137	601241042.022	5810418592.77
9.57956229112	5.95	0.685301420637	495932242.492	499616526.618	4256883755.66
9.97500748091	5.15	0.607400895657	547208574.051	557826518.034	5299422486.9
10.4095603111	4.65	0.798430378168	269775048.642	270813384.121	1987539670.62
10.4669411812	4.55	0.772355742344	274276032.394	275217647.172	2088918794.02
10.8583041007	3.95	0.7656525695	280223304.659	283250464.558	2152898646.22
11.3192462585	2.95	0.59787549325	192610139.418	195272119.563	1895044759.14
11.7896586923	2.75	0.525229366297	117221933.6	119639787.762	1312837457.56
12.2659643069	2.55	0.481438805545	89743053.6889	90815201.6779	1096505536.61
12.7892144195	2.35	0.345760329779	51847703.3028	53041512.9938	882074847.081
13.3167904089	1.95	0.181434951963	16735166.7934	17690579.5837	542575488.036
13.8978799965	1.65	0.528786380677	41234723.2582	41984810.6242	458705451.766
