redshift	R2500	fgas	Mgas	Mgas+Mstar	Mtot
0.0	144.95	0.483004894811	332887891475.0	673383785695.0	4.05412882672e+12
0.030527243818	142.65	0.550369627409	371813864980.0	695289529436.0	3.97394818557e+12
0.0387452919598	142.25	0.556237895025	375681812048.0	698996865691.0	3.97292782785e+12
0.0499401958034	141.95	0.559387728003	379216436409.0	700216403208.0	3.98772588025e+12
0.062466519551	141.45	0.559902393603	380687080414.0	694728781617.0	3.99951097321e+12
0.0790027629744	140.35	0.562549505998	379621504159.0	670785412226.0	3.96954872009e+12
0.0959384340781	139.85	0.560076488256	380116764670.0	679990975416.0	3.99227786835e+12
0.0999673830304	139.75	0.555307613214	377551663184.0	679145484564.0	3.99939075843e+12
0.120880086583	137.85	0.546475131099	364718177544.0	663803492069.0	3.92588961927e+12
0.124914454062	137.35	0.547057756647	362536177499.0	660442990487.0	3.89824607014e+12
0.131079623074	136.65	0.547418117314	359378124233.0	657667084950.0	3.86174461387e+12
0.164350413628	132.55	0.551082488834	341837997695.0	610973511443.0	3.64883985954e+12
0.168045539789	132.85	0.543573780752	340957886340.0	617836734192.0	3.68971921852e+12
0.207013848038	131.45	0.519450060228	329350532749.0	588290603583.0	3.72962912767e+12
0.209520353714	131.45	0.521422244541	331243232618.0	590035414807.0	3.73687471917e+12
0.248188579192	133.95	0.594003421278	416866157578.0	715960884226.0	4.12818138797e+12
0.249844877242	134.35	0.587418065495	417065445226.0	719180240487.0	4.17645675627e+12
0.256507586307	134.05	0.575420126149	408453132474.0	709077529192.0	4.1754978249e+12
0.29180526368	123.35	0.545061450813	314047689445.0	568812125139.0	3.38923133699e+12
0.305084579473	120.85	0.551751346508	303360555516.0	551049426921.0	3.23419936766e+12
0.338137317039	118.55	0.540307045302	291185843490.0	542325651765.0	3.17015652077e+12
0.3557019492	117.55	0.554570419417	297268863755.0	548177469365.0	3.15314397199e+12
0.387504057392	116.95	0.533374772581	292654405431.0	542459285438.0	3.22755516577e+12
0.408305211059	117.25	0.529599220163	299773146628.0	536040318822.0	3.32963377516e+12
0.440280867564	116.05	0.509251462806	290600831832.0	551742878388.0	3.35672409936e+12
0.463014302939	112.15	0.502173350802	265596523402.0	521794329450.0	3.11114177625e+12
0.496912209981	100.85	0.516786133579	207017455849.0	392323350750.0	2.35639012187e+12
0.499900107866	99.55	0.523333356294	202292861980.0	369439836374.0	2.27380501804e+12
0.519719878555	97.15	0.508645466852	187256175064.0	351119292442.0	2.16556911233e+12
0.557928485477	107.35	0.429248013024	222937146811.0	479077345634.0	3.05509854781e+12
0.578755055311	104.85	0.433414284423	215201959991.0	452930346604.0	2.92074794901e+12
0.62396814497	99.85	0.431099899659	195265472138.0	403234232407.0	2.66439501668e+12
0.639979037366	98.95	0.429596674642	193075105436.0	401007091151.0	2.64372603739e+12
0.695807091467	98.65	0.393083599696	187306989938.0	430027431738.0	2.80298090284e+12
0.703463160323	97.75	0.387024590236	181275356561.0	423779411917.0	2.75518831033e+12
0.749984158384	91.55	0.460892380695	187654432537.0	410170448681.0	2.39502679887e+12
0.769587321565	88.35	0.519101264982	194519949494.0	385296030055.0	2.20426162334e+12
0.774398375006	88.15	0.528991243421	197784848089.0	386976971033.0	2.19935641156e+12
0.83812875329	91.55	0.425618421044	192360557073.0	467791440443.0	2.65856136088e+12
0.860926698985	91.65	0.420972058049	196441258621.0	485341455321.0	2.74492521136e+12
0.909493582555	87.25	0.410718097756	175209392335.0	432892970000.0	2.50936954069e+12
0.956884698429	87.25	0.436265834987	196640583842.0	471133878457.0	2.65138643449e+12
0.983781630555	86.75	0.444422107105	203590697047.0	479201708228.0	2.69471818892e+12
0.999810014676	86.15	0.461057133838	210271583306.0	485255629772.0	2.68272970035e+12
1.06063440863	81.15	0.491511423438	201223953542.0	460997372056.0	2.40822544199e+12
1.06418199809	80.85	0.491276509421	200096498946.0	459896602521.0	2.39587728402e+12
1.14047912499	75.65	0.499416464144	181876574147.0	419563112172.0	2.14222453138e+12
1.18530498469	69.45	0.58879511846	174210793711.0	310869517320.0	1.74045154696e+12
1.22333660393	66.85	0.608705196579	167770327714.0	302690504877.0	1.62128446778e+12
1.30975825235	63.95	0.637209231554	169360179620.0	292269968605.0	1.56343678241e+12
1.32355752197	63.65	0.632097421825	167977675733.0	287841336673.0	1.56321468935e+12
1.39920516296	64.85	0.620574793381	189509155682.0	323032806886.0	1.79633422304e+12
1.48343559679	57.95	0.52672610936	125588045678.0	250595682218.0	1.40253766947e+12
1.49223617411	53.85	0.511787232067	98706843666.4	207718335735.0	1.13451148402e+12
1.4997393169	52.45	0.505254314361	90804642647.8	199461153480.0	1.05718039722e+12
1.58883935177	45.85	0.462451107956	60836550368.7	160900886526.0	773837611882.0
1.67123312994	50.15	0.574543771893	107805777339.0	199992644946.0	1.10374816059e+12
1.68975444525	48.45	0.565303988403	97099570640.1	185085949305.0	1.01038371683e+12
1.79328674613	44.35	0.490722013882	71698255753.6	142722200090.0	859456950530.0
1.89606731641	42.35	0.465867758166	65456431871.3	128472641750.0	826495991165.0
1.90188007172	42.25	0.472166045867	66106796654.0	128753174939.0	823573641378.0
1.99986624221	45.95	0.548403511772	108542448196.0	181175608590.0	1.16426130702e+12
2.01466622751	44.25	0.51713287441	92682982794.1	163527809506.0	1.05426292432e+12
2.13150488126	36.85	0.552732050283	63436051276.0	117258038080.0	675106939446.0
2.17171304231	37.65	0.5263020812	66656508135.6	135281932027.0	745003906855.0
2.25342749143	35.05	0.278706769147	30627033660.6	94817636198.2	646410641853.0
2.37902901317	32.45	0.268054139102	25979262988.7	89437942510.1	570105705374.0
2.49865640548	29.35	0.645200863808	51096630002.3	95272189530.0	465852463377.0
2.50934814759	29.15	0.651595939945	51070430523.9	94934247323.1	461043844479.0
2.52011950504	31.05	0.538210180101	51268139357.5	108796011424.0	560333679088.0
2.64582870338	27.25	0.697686016176	49940375023.2	89168890565.1	421058907717.0
2.78673944284	26.95	0.544873923369	42042985530.2	92821332354.4	453887897700.0
2.93360811078	24.45	0.476823591038	30646767379.6	74415904959.8	378075048344.0
2.97877622744	24.55	0.496134030569	33190648221.9	77096671575.4	393520893867.0
2.99973053266	24.55	0.523224276592	35759337362.8	79763939691.9	402024624470.0
3.08632998429	21.95	0.76184494826	39509540610.6	63210288661.0	305060843346.0
3.24467528047	23.95	0.690898038119	52117073344.0	90335983673.2	443728311206.0
3.41093862617	17.95	0.908479158759	32148752024.8	52569658247.8	208161413727.0
3.49886876053	18.75	0.837732736206	35710717222.6	52682403940.2	250751860835.0
3.58238850433	18.45	0.779517342047	33536457340.9	49574399648.8	253071057993.0
3.61808126074	18.15	0.752425769688	31641548703.8	47170094427.4	247368929374.0
3.75829015178	16.85	0.854669688701	31171174924.1	39980371983.4	214538850411.0
3.94474158519	15.45	0.823159293746	26035128179.2	32050365276.0	186048817018.0
3.99879089001	14.75	0.785336939539	22321469579.4	27219524538.6	167192902335.0
4.13469718283	15.05	0.30583482179	9898436191.28	21419333822.3	190384125987.0
4.33520581342	12.55	0.9406027467	19930869917.3	27891828199.2	124643917626.0
4.54211704783	13.35	0.666078111382	18787310890.3	28538414482.5	165916867082.0
4.5897773527	10.55	0.917892028822	13125909695.6	19181793609.3	84117991091.6
4.75456433593	10.85	0.785787997195	13299121178.1	21945190276.9	99556273265.0
4.97704555398	9.45	1.07425029373	13466038320.9	17881850426.1	73736996475.5
4.99990783129	9.45	1.08235695339	13612070488.7	17941141509.7	73978369727.0
5.20965913587	9.15	1.08424363827	13932654171.4	17012020358.1	75588904883.1
5.45236541759	8.55	1.02341906273	12048486377.9	14113973050.8	69251640762.8
5.69738608066	7.45	0.9622917706	8369239847.99	9725600712.72	51159974697.2
5.95863860385	6.75	1.02071330561	7312465991.09	8367914616.2	42141613706.2
5.99205169398	6.65	1.01487185557	7118172989.03	8113303677.09	41258022466.6
6.22852080638	6.85	0.932596078305	7819897488.54	9169317335.24	49324030050.7
6.30248473012	6.85	0.8932141182	7811594767.21	8988055630.34	51444056377.9
6.50596008685	4.45	1.07778470483	2730748230.74	2945163840.69	14903927300.8
6.80049492001	4.15	1.22492428137	2840795098.64	3196974353.57	13642116217.2
6.99393306719	4.35	0.872879564441	2505824351.28	2759665803.1	16886800703.5
7.10129015059	4.35	0.782134743244	2314118576.72	2551829915.86	17404241831.2
7.99962985372	2.55	0.898190251085	753533475.778	842368446.184	4934978811.19
9.17481517078	2.05	0.413788969295	247204578.455	302179898.741	3514217843.04
9.57956229112	2.05	0.394703941513	267691992.673	311883003.397	3989468091.95
9.97500748091	1.85	0.350761546243	196356693.028	227389104.819	3292947539.78
10.4095603111	1.35	0.300766062844	76160342.1434	89843357.7298	1489536446.94
10.4669411812	1.35	0.294707934162	76437090.2238	90044980.8341	1525679801.5
10.8583041007	1.35	0.398101088225	108122022.155	119256047.047	1597614057.93
11.3192462585	1.15	0.200781407812	39804477.2304	45866683.4635	1166163671.53
11.7896586923	1.05	0.100286848349	15314848.8969	21454096.8386	898296715.223
12.2659643069	0.95	0.0259496231538	2994380.41354	6734246.62563	678776810.29
12.7892144195	0.95	0.159752017818	22159458.1872	25232503.2579	815950595.319
13.3167904089	0.85	0.158309473365	18107097.189	21451767.5835	672810882.013
13.8978799965	0.55	0.0224341234913	859928.641276	3046262.84189	225478110.351
