redshift	R500	fgas	Mgas	Mgas+Mstar	Mtot
0.0	325.35	0.776292087708	374275643451.0	421549365445.0	2.83607351785e+12
0.030527243818	320.65	0.799523081501	351309142934.0	374256443956.0	2.58469632462e+12
0.0387452919598	319.65	0.78144295011	341873384335.0	369870473187.0	2.57346989639e+12
0.0499401958034	318.05	0.782622763724	334818444838.0	358000911089.0	2.51656398848e+12
0.062466519551	315.95	0.792727413054	339189177444.0	363924224582.0	2.51691870711e+12
0.0790027629744	313.05	0.847539192338	389349901525.0	432272648829.0	2.70228628845e+12
0.0959384340781	310.05	0.933142147087	484177360562.0	553257694436.0	3.05216319919e+12
0.0999673830304	307.95	0.9431672758	490862166930.0	559849451640.0	3.06141294916e+12
0.120880086583	307.85	0.866365813279	417589630770.0	457537070468.0	2.83530300378e+12
0.124914454062	307.45	0.854082308881	397173011206.0	414857441865.0	2.73546449368e+12
0.131079623074	306.65	0.840182515946	393777487791.0	418938465011.0	2.75694640095e+12
0.164350413628	305.15	0.849793768639	405398069603.0	419092027891.0	2.8062038286e+12
0.168045539789	304.85	0.862728793009	404164986228.0	415964210634.0	2.75572244108e+12
0.207013848038	300.55	0.820011198397	369201195433.0	397169136899.0	2.64846595033e+12
0.209520353714	300.15	0.812830354519	368282866183.0	396523335496.0	2.66521764232e+12
0.248188579192	291.05	0.810314697655	372575338363.0	399707183556.0	2.70465245635e+12
0.249844877242	290.55	0.812105823659	372960768121.0	400104557154.0	2.70147905284e+12
0.256507586307	288.85	0.816995623336	371972691833.0	397790755792.0	2.67819630283e+12
0.29180526368	282.25	0.853728809167	379212571618.0	402136547445.0	2.61284633016e+12
0.305084579473	280.25	0.870022618448	387886317426.0	409282150025.0	2.62255735859e+12
0.338137317039	262.95	0.936804099014	288581788791.0	292943831571.0	1.81205434076e+12
0.3557019492	259.45	0.94484758976	269548721913.0	273262771251.0	1.6781338433e+12
0.387504057392	253.95	0.913130775464	252880342934.0	267702411243.0	1.62904533391e+12
0.408305211059	250.75	0.928415561905	246954798890.0	261714056798.0	1.56468218241e+12
0.440280867564	245.75	0.94262312649	245674197142.0	260744512029.0	1.53310723609e+12
0.463014302939	242.95	0.945221151199	251549777514.0	267511120576.0	1.56545859319e+12
0.496912209981	239.85	0.923555652176	252683255327.0	270590571086.0	1.60940175793e+12
0.499900107866	239.55	0.920584689263	252387724992.0	270346388738.0	1.61270733018e+12
0.519719878555	237.45	0.887246426348	245459907886.0	263943456264.0	1.62737405101e+12
0.557928485477	216.75	0.713986925781	266712261065.0	358779236863.0	2.1973730844e+12
0.578755055311	233.05	0.883540133124	244854846055.0	267938602048.0	1.63017226933e+12
0.62396814497	228.75	0.998592474094	268683403654.0	289463623622.0	1.58271832677e+12
0.639979037366	227.15	0.981675688	259183633510.0	279855741105.0	1.55306852102e+12
0.695807091467	221.05	0.890313937906	229437395901.0	248562011312.0	1.51590543867e+12
0.703463160323	220.15	0.874014463119	227332962091.0	247387349521.0	1.53001211606e+12
0.749984158384	205.95	0.732303760102	244603852981.0	302515093340.0	1.96482152953e+12
0.769587321565	199.25	0.791461679304	200175558816.0	203599407028.0	1.48775780046e+12
0.774398375006	198.45	0.793432534612	195613359068.0	200823052772.0	1.45023901573e+12
0.83812875329	196.55	0.75951842904	238350117922.0	267928550036.0	1.84598485511e+12
0.860926698985	194.35	0.776129899414	246513263087.0	276460786718.0	1.86834448622e+12
0.909493582555	192.25	0.74303263129	249581562727.0	299694157050.0	1.97585782609e+12
0.956884698429	189.95	0.736173022732	199078720837.0	225706148611.0	1.59072835173e+12
0.983781630555	187.05	0.763168149274	187972210717.0	198713332806.0	1.44885355556e+12
0.999810014676	184.95	0.757851831585	194909583008.0	216397530107.0	1.5128642712e+12
1.06063440863	173.55	0.787145522573	210183641373.0	231141942837.0	1.57070621068e+12
1.06418199809	172.95	0.786070841182	209671709812.0	230536012663.0	1.56902270671e+12
1.14047912499	157.15	0.732823985247	210645231224.0	250157735945.0	1.69084203081e+12
1.18530498469	152.45	0.747559005014	152829996650.0	176275000946.0	1.20258063145e+12
1.22333660393	150.55	0.73974996052	150637830434.0	175868444502.0	1.19784377451e+12
1.30975825235	147.25	0.769609644705	153830523588.0	176806109812.0	1.17577195023e+12
1.32355752197	146.65	0.771392422049	152344237259.0	174752652206.0	1.16172073578e+12
1.39920516296	142.55	0.777320962232	145690291419.0	156038692342.0	1.10250688694e+12
1.48343559679	136.05	0.829410132805	133399962965.0	137673017987.0	946100889615.0
1.49223617411	135.25	0.822911209521	133330895632.0	137740135737.0	953078991993.0
1.4997393169	134.55	0.815633873224	133731997484.0	138290620852.0	964475403185.0
1.58883935177	125.15	0.786506626855	131520634244.0	137414918415.0	983654508754.0
1.67123312994	117.25	0.830578812363	114440961618.0	116703499076.0	810497591731.0
1.68975444525	116.15	0.845773890335	114042382312.0	116230475979.0	793164166778.0
1.79328674613	111.15	0.862706031595	118085594318.0	120850202653.0	805165511318.0
1.89606731641	106.75	0.761051705982	105650148253.0	109463376562.0	816595581390.0
1.90188007172	106.55	0.756886145355	105402932139.0	109154799855.0	819168446512.0
1.99986624221	97.95	0.732750588825	119754668000.0	126393744791.0	961362889735.0
2.01466622751	89.35	0.686725253537	85760460581.4	87758407390.4	734607173595.0
2.13150488126	83.05	0.662558794781	79095662950.5	95181529459.6	702229914170.0
2.17171304231	82.45	0.612710826084	62013306059.0	71915154897.3	595361037800.0
2.25342749143	78.15	0.599317641241	41216421167.7	43886345392.0	404542632482.0
2.37902901317	69.55	0.582351334926	53318389393.0	57075974486.0	538571075319.0
2.49865640548	67.95	0.536634604145	51447822160.5	57447049312.7	563948440271.0
2.50934814759	68.05	0.53001303712	51227219430.8	57230738459.1	568545608849.0
2.52011950504	63.45	0.719056054557	47088266146.7	50176131628.1	385213084721.0
2.64582870338	65.75	0.47630641591	36836528529.7	37763880337.7	454928707029.0
2.78673944284	56.75	0.610246595952	30004591050.6	30717920177.8	289223398518.0
2.93360811078	57.35	0.739682036782	40045600311.7	40740889883.9	318464344219.0
2.97877622744	55.55	0.720978691756	41042753289.2	41893941168.2	334861436663.0
2.99973053266	54.65	0.735562497209	44242875527.3	46505617155.5	353813863502.0
3.08632998429	56.55	0.512056048205	17959686566.7	18182122947.4	206315725531.0
3.24467528047	52.75	0.491820774547	17522516327.6	17754222934.5	209575582795.0
3.41093862617	45.05	0.645575535072	33620812988.3	39334546139.2	306346008209.0
3.49886876053	42.05	0.532879084852	22197157231.2	23295230676.5	245030283298.0
3.58238850433	41.05	0.527597677802	17153072950.3	17454203986.9	191245021282.0
3.61808126074	39.75	0.558048207735	17963106438.2	18349484103.7	189348035752.0
3.75829015178	39.05	0.638096405874	17048145434.8	17372398588.9	157159964415.0
3.94474158519	35.25	0.662999997655	16190904005.0	16536283931.7	143650998689.0
3.99879089001	34.05	0.678914354986	16054003244.5	16449427982.0	139097534924.0
4.13469718283	30.25	0.714453795128	17257454183.2	20233456054.8	142086776029.0
4.33520581342	30.55	0.636590895649	11732050459.5	11901531348.2	108408810113.0
4.54211704783	24.65	0.588368218002	8683581245.28	8937583008.65	86816194545.0
4.5897773527	26.35	0.624302122618	7474276199.15	7636595076.38	70424765494.7
4.75456433593	24.65	0.43692062503	7927993371.43	8199248727.16	106736218101.0
4.97704555398	24.05	0.506098139225	7193905464.92	7381985045.3	83614397466.3
4.99990783129	23.95	0.511700665242	7018626539.46	7196008750.86	80683964809.5
5.20965913587	22.05	0.603338015152	7882737246.72	8062374540.65	76854170404.1
5.45236541759	19.65	0.618795386412	6022159069.85	6130859854.79	57247461591.8
5.69738608066	17.25	0.557076051932	4088347831.75	4170406180.47	43170236468.1
5.95863860385	15.85	0.478469864676	3054806589.38	3116437501.01	37556075841.8
5.99205169398	15.75	0.611203786332	4185556809.92	4315172244.96	40282673245.6
6.22852080638	14.55	0.70681681954	2917448031.54	2956305550.98	24279924493.3
6.30248473012	14.05	0.702064498877	2947862154.9	3004880536.14	24699106200.0
6.50596008685	13.15	0.519001561804	2009090153.69	2036675972.43	22770986148.1
6.80049492001	11.55	0.601845134562	1570441767.94	1596487049.41	15349285425.9
6.99393306719	11.05	0.594594783613	1557686184.11	1581169701.75	15410259489.4
7.10129015059	10.65	0.545336079257	1489465493.4	1517071875.02	16066352583.5
9.17481517078	5.35	0.647343939774	486282807.043	493019235.026	4418805714.4
9.57956229112	5.25	0.611690900338	511651726.716	520172227.195	4920321747.21
9.97500748091	4.85	0.647464907406	382317636.817	386854050.183	3473435007.32
10.4095603111	4.45	0.845695743331	357831861.035	360926914.837	2488948675.46
10.4669411812	4.35	0.858423981689	358664437.036	360922093.588	2457749143.89
10.8583041007	3.45	0.644952302751	265621375.796	269513560.983	2422626719.04
11.3192462585	3.25	0.207006809953	63528699.6625	67158203.7419	1805246085.35
11.7896586923	2.35	0.457751835345	67559318.7032	69995244.1612	868172940.865
12.2659643069	2.55	0.642460183568	81584393.0208	82402156.187	746985115.21
12.7892144195	2.25	0.613609627468	78267693.9699	78946821.1716	750311238.96
13.3167904089	1.95	0.231817782169	18709834.7089	19385220.6121	474760176.718
13.8978799965	1.75	0.268290661889	20567679.9806	21686190.4132	450952530.272
